[gd_scene load_steps=0 format=3 uid="uid://cqow47bch5ocs"]

[ext_resource type="Material" uid="uid://cc2elb6xioopx" path="res://showcase/Mat_prototyping-mat.tres" id="1_jq2sk"]
[ext_resource type="PackedScene" uid="uid://ccip22bvlsup1" path="res://Niwl-Plants/scenes/alder_1.tscn" id="2_4k2k6"]
[ext_resource type="PackedScene" uid="uid://d02gtmknpceqd" path="res://Niwl-Plants/scenes/alder_2.tscn" id="3_0rl1p"]
[ext_resource type="PackedScene" uid="uid://hfo5i62316e8" path="res://Niwl-Plants/scenes/alder_3.tscn" id="4_ok6jj"]
[ext_resource type="PackedScene" uid="uid://ccy7k6pqw1fma" path="res://Niwl-Plants/scenes/birch_tree_1.tscn" id="5_facbu"]
[ext_resource type="PackedScene" uid="uid://1oyfsu4a1k16" path="res://Niwl-Plants/scenes/birch_tree_2.tscn" id="6_b1qrp"]
[ext_resource type="PackedScene" uid="uid://g1t26vhfntsn" path="res://Niwl-Plants/scenes/birch_tree_3.tscn" id="7_come4"]

[node name="Node3D" type="Node3D"]

[node name="CSGBox3D" type="CSGBox3D" parent="."]
transform = Transform3D(1, 0, 0, 0, 1, 0, 0, 0, 1, 0, -0.124537066, 0)
material_override = ExtResource("1_jq2sk")
size = Vector3(120, 0.2, 120)
material = ExtResource("1_jq2sk")
metadata/_edit_lock_ = true

[node name="alder_1" parent="." instance=ExtResource("2_4k2k6")]
transform = Transform3D(0.99157876, 0, -0.12950516, 0, 1, 0, 0.12950516, 0, 0.99157876, -7.4861555, 9.536743e-07, -8.052914)

[node name="alder_2" parent="." instance=ExtResource("3_0rl1p")]
transform = Transform3D(0.9887381, 0, 0.14965624, 0, 1, 0, -0.14965624, 0, 0.9887381, -16.627886, -4.7683713e-07, -13.069632)

[node name="alder_3" parent="." instance=ExtResource("4_ok6jj")]
transform = Transform3D(0.664709, 0, -0.7471024, 0, 1, 0, 0.7471024, 0, 0.664709, -24.309395, 0, -19.154293)

[node name="birch-tree-1" parent="." instance=ExtResource("5_facbu")]
transform = Transform3D(0.49999997, 0, 0.86602545, 0, 1, 0, -0.86602545, 0, 0.49999997, 11.128988, 0, 3.5357876)

[node name="birch-tree-2" parent="." instance=ExtResource("6_b1qrp")]
transform = Transform3D(0.49999997, 0, 0.86602545, 0, 1, 0, -0.86602545, 0, 0.49999997, 7.3149633, 0, 0.51610017)

[node name="birch-tree-3" parent="." instance=ExtResource("7_come4")]
transform = Transform3D(0.49999997, 0, 0.86602545, 0, 1, 0, -0.86602545, 0, 0.49999997, 1.5819855, 0, -2.666963)

[node name="SpotLight3D" type="SpotLight3D" parent="."]
transform = Transform3D(0.75864625, 0.6324245, 0.15650928, 0, -0.24022809, 0.9707165, 0.6515028, -0.7364304, -0.18224815, 12.765373, 16.432873, -0.77428555)
light_color = Color(0.8918595, 0.9184935, 0.87635493, 1)
light_energy = 10.237
spot_range = 35.543
spot_attenuation = 0.59
spot_angle = 39.43

[node name="SpotLight3D5" type="SpotLight3D" parent="."]
transform = Transform3D(0.75864625, 0.6324245, 0.15650927, 0, -0.24022809, 0.9707165, 0.6515028, -0.7364304, -0.18224813, 3.6154203, 16.432873, -8.945309)
light_color = Color(0.8918595, 0.9184935, 0.87635493, 1)
light_energy = 10.237
spot_range = 35.543
spot_attenuation = 0.59
spot_angle = 39.43

[node name="SpotLight3D2" type="SpotLight3D" parent="."]
transform = Transform3D(0.75864625, 0.6324245, 0.15650928, 0, -0.24022809, 0.9707165, 0.6515028, -0.7364304, -0.18224815, -6.87821, 16.432873, -13.359913)
light_color = Color(0.8918595, 0.9184935, 0.87635493, 1)
light_energy = 10.237
spot_range = 35.543
spot_attenuation = 0.59
spot_angle = 39.43

[node name="SpotLight3D3" type="SpotLight3D" parent="."]
transform = Transform3D(0.75864625, 0.6324245, 0.15650927, 0, -0.24022809, 0.9707165, 0.6515028, -0.7364304, -0.18224813, -30.908537, 16.432873, -31.346958)
light_color = Color(0.8918595, 0.9184935, 0.87635493, 1)
light_energy = 10.237
spot_range = 35.543
spot_attenuation = 0.59
spot_angle = 39.43

[node name="SpotLight3D4" type="SpotLight3D" parent="."]
transform = Transform3D(0.75864625, 0.6324245, 0.15650928, 0, -0.24022809, 0.9707165, 0.6515028, -0.7364304, -0.18224815, -17.685507, 16.432873, -21.753408)
light_color = Color(0.8918595, 0.9184935, 0.87635493, 1)
light_energy = 10.237
spot_range = 35.543
spot_attenuation = 0.59
spot_angle = 39.43
