[gd_scene load_steps=11 format=3 uid="uid://cir2mlfxmsgvs"]

[ext_resource type="Script" uid="uid://fx305niyx3gv" path="res://beyblades/parts/disc_class.gd" id="1_2qogx"]
[ext_resource type="Resource" uid="uid://7dp53phso4uj" path="res://beyblades/parts/abilities/a_respin/re_spin.tres" id="2_3hhak"]
[ext_resource type="Material" uid="uid://1rpv2xab6vif" path="res://materials/prototype_orange.tres" id="2_35v55"]
[ext_resource type="Texture2D" uid="uid://dwkq66nbk3oxj" path="res://textures/PROTO/Orange/texture_05.png" id="3_2qogx"]
[ext_resource type="Material" uid="uid://bd17qqugnkbai" path="res://materials/white.tres" id="3_107xe"]
[ext_resource type="PackedScene" uid="uid://c8ilf4abifhr8" path="res://beyblades/parts/abilities/a_respin/re_spin.tscn" id="6_vxwdb"]

[sub_resource type="PhysicsMaterial" id="PhysicsMaterial_5glgy"]
friction = 0.2
rough = true
bounce = 0.4
absorbent = true

[sub_resource type="StandardMaterial3D" id="StandardMaterial3D_igag2"]
diffuse_mode = 3
specular_mode = 2
albedo_texture = ExtResource("3_2qogx")
roughness = 0.0

[sub_resource type="StandardMaterial3D" id="StandardMaterial3D_3hhak"]
diffuse_mode = 3
specular_mode = 2
albedo_texture = ExtResource("3_2qogx")
roughness = 0.0

[sub_resource type="CylinderShape3D" id="CylinderShape3D_2qogx"]
height = 0.25
radius = 0.879

[node name="StaminaDisc" type="StaticBody3D"]
script = ExtResource("1_2qogx")
burst_resitance = 0.7
physics_material = SubResource("PhysicsMaterial_5glgy")
ability_data = ExtResource("2_3hhak")
part_name = "Stamina Gay"
type = 1
part_weight = 0.03
metadata/_custom_type_script = "uid://fx305niyx3gv"

[node name="Visual" type="CSGCombiner3D" parent="."]

[node name="CSGCylinder3D4" type="CSGCylinder3D" parent="Visual"]
transform = Transform3D(-1, 8.742278e-08, 0, -8.742278e-08, -1, 0, 0, 0, 1, 0, 0.075, 0)
use_collision = true
radius = 0.878
height = 0.15
sides = 32
smooth_faces = false
material = SubResource("StandardMaterial3D_igag2")

[node name="CSGCylinder3D3" type="CSGCylinder3D" parent="Visual/CSGCylinder3D4"]
transform = Transform3D(0.8660254, 1.171243e-08, -0.5, 1.171243e-08, 1, 4.371139e-08, 0.5, -4.371139e-08, 0.8660254, -4.833907e-08, 0.013960049, 0)
operation = 2
use_collision = true
radius = 0.896
height = 0.227
sides = 3
smooth_faces = false
material = SubResource("StandardMaterial3D_3hhak")

[node name="CSGCylinder3D4" type="CSGCylinder3D" parent="Visual/CSGCylinder3D4"]
transform = Transform3D(0.8660255, 1.1712423e-08, 0.5, 1.171243e-08, 1, -4.3711385e-08, -0.5, 4.3711395e-08, 0.8660255, -4.833907e-08, 0.013960049, 0)
operation = 2
use_collision = true
radius = 0.896
height = 0.227
sides = 3
smooth_faces = false
material = SubResource("StandardMaterial3D_3hhak")

[node name="CSGCylinder3D5" type="CSGCylinder3D" parent="Visual/CSGCylinder3D4"]
transform = Transform3D(0.95105666, 0, 0.30901703, 0, 1, 0, -0.30901703, 0, 0.95105666, -5.0481415e-08, -0.010545507, 0)
use_collision = true
radius = 0.632
height = 0.201
sides = 12
smooth_faces = false
material = ExtResource("3_107xe")

[node name="CSGCylinder3D6" type="CSGCylinder3D" parent="Visual/CSGCylinder3D4"]
use_collision = true
radius = 0.992
height = 0.15
smooth_faces = false
material = ExtResource("2_35v55")

[node name="CSGCylinder3D4" type="CSGCylinder3D" parent="Visual/CSGCylinder3D4/CSGCylinder3D6"]
transform = Transform3D(-1, 8.742278e-08, 0, -8.742278e-08, -1, 0, 0, 0, 1, 0, 0.075, 0)
operation = 2
use_collision = true
radius = 0.826
height = 0.509
sides = 32
smooth_faces = false
material = ExtResource("2_35v55")

[node name="CollisionShape3D" type="CollisionShape3D" parent="."]
transform = Transform3D(1, 0, 0, 0, 1, 0, 0, 0, 1, 0, 0.125, 0)
shape = SubResource("CylinderShape3D_2qogx")

[node name="ReSpin" parent="." instance=ExtResource("6_vxwdb")]
